100
0 26 1725 610 98 451 287 1 293 5246 152 3 677 30 3511 720 5136 218 7245 166 5469 119 2978 7013 186 2340 4589 691 123 1260 7672 279 2718 102 111 887 157
1 278 9903 1 464 1403 430 5519 323 5361 46 364 831 5515 1572 700 7269 123 3198 13 6890 240 406 8620 1581 64 22 88 53 2758 950 6649 30 1089 404 1290
2 16 1966 9547 7995 2610 65 722 2878 29 110 54 1311 9 3 1 21 835 180 6359 104 50 252 74 15 7702 127 33 65 82 402 98 4063 332 10 637 436 1495 3774 3244
3 217 635 1407 1071 78 8466 6745 2378 11 3603 82 498 255 658 42 40 54 34 3144 293 1325 5419 549 183 642 77 399 98 799 958 1628 971 120 1958
4 76 941 1582 27 8401 9493 91 173 131 116 200 2052 45 54 118 59 742 3293 2791 6205 7287 8518 890 147 514 8428 7122 86 139 62 7307 155
5 262 3016 284 202 7574 1846 4790 582 1740 526 105 412 452 68 20 210 125 566 4552 13 231 362 113 1889 6015 8044 574 1184 708
6 2575 162 10 1514 556 1990 159 284 3790 595 4408 6980 146 648 605 579 659 109 2228 650 1691 4225 979 3374 1213 994 24 182 475 4465 27 2076 176
7 4848 303 6031 848 807 170 5429 4752 1315 1590 5222 380 6 354 167 331 31 3548 485 948 398 47 1966 66 151 1576 1296 3500 3009 2000 316 1100 87 3022 246 73 355 9517 583
8 513 4152 5865 9262 2014 283 9085 86 767 77 487 265 51 2928 288 1309 317 1754 1442 250 107 29 199 398 2172 3179 1128 475 735 6555 436 2741 485 126 5367 1495
9 4253 16 9 33 293 5226 6643 1313 3 316 425 7192 174 1756 962 2406 5442 3972 676 2631 1148 50 156 95 12 5034 938 209 187 84 1790 25 2735 725 121 6729
10 1363 1390 836 4430 346 2 2950 2628 9053 529 23 559 9086 4526 5638 142 1041 4372 628 338 419 505 2911 224 169 101 19 476 544 75 14 130 2453 1132 468 2848 5926 1737
11 24 18 7884 236 3000 653 349 17 7155 3224 7 112 245 1621 8168 201 1807 64 1728 22 11 45 1264 742 1566 131 216 2295 2479 902 127 91 82 1396 185 1001 120 299 1412 6018
12 845 288 117 6042 1378 6571 519 2177 300 154 1250 383 2 2757 7399 2961 90 5762 3955 20 82 826 521 1476 333 218 6907 116 24 66 736 33 1121 166 3379 554 3110 1502 1502 1310
13 2737 83 2664 227 4477 2579 400 45 588 514 6 45 392 1637 101 15 218 1402 70 4911 2947 1610 380 302 73 571 13 8243 3880 6115 138 5482
14 1190 143 35 231 1216 233 168 115 355 1861 6979 47 11 1324 65 5038 36 710 3759 1126 4973 1 860 4596 5845 46 2604 168 5 366 253 2 212 5850 688 7961 81 2593 84 432 708 2153
15 52 2065 54 138 1161 103 405 3476 233 3679 284 2114 87 1489 206 9021 186 45 2521 280 602 123 1245 2250 83 329 428 323 5812 411 183 6243 156 4182 53 984 4023 468 554 138
16 6662 118 1985 76 7367 63 6696 51 706 2096 715 288 24 36 1963 1097 816 185 456 4325 8938 0 195 431 8427 247 9360 67 1583 4371
17 454 94 5893 759 4278 1710 346 435 42 3900 19 23 68 59 665 1435 3488 580 3274 21 7818 96 6783 3532 12 633 2202 83 948 176 3923
18 18 1687 286 3626 95 157 4781 178 56 1052 465 8703 939 242 362 750 6787 7557 720 356 1481 31 1071 2688 979 130 6475 879 325 421 275 2929 1243 192 1973 5 1222 5381 554
19 2193 571 114 9768 2341 7463 153 338 3797 170 2804 8 26 42 3563 4698 8006 347 961 746 9718 253 5167 4137 1414 4120 5108 1788 624 309 88 9 3398 708
20 26 148 247 5154 210 1039 1290 214 137 250 280 7606 516 27 2979 935 655 20 406 9798 82 676 561 669 9519 1058 105 206 1005 490 284 9562 90 1169 29 587 59 120 5526
21 109 412 2546 168 342 2025 9677 85 1 1148 1304 409 2160 156 1293 474 130 1128 1213 13 2380 463 8743 249 807 6379 625 226 132 1490 2848 1482 2264
22 96 49 23 859 1024 6599 69 442 37 6035 1563 462 389 173 89 822 6731 3221 168 584 9673 230 458 83 933 4328 5110 66 133 2045 60 59 843 3680 167 243 1310 1290 7624
23 50 1156 39 1042 1948 233 1959 1438 3324 35 1677 5834 1152 1967 189 2980 885 762 1105 25 422 605 1686 58 10 152 17 70 585 933 38 3909 126 3700 138 5661
24 1 186 330 9 40 6697 3301 65 3699 21 1217 323 181 602 769 75 25 641 1011 4908 8488 1011 7387 111 203 5052 31 4824 539 725 8601 6238 583 2060
25 21 1859 757 270 127 227 2191 952 106 3079 2199 602 6943 3730 113 44 230 1126 201 2494 5532 27 65 2685 27 1328 14 577 17 2321 283 7706 199 3262 176 7242 583
26 28 1436 9798 2844 222 406 1027 6249 328 587 5027 289 469 258 1127 3730 1816 2333 597 189 278 5893 71 4807 4335 4051 561 92 36 6137 76 21 187 1388 1667 1951
27 431 414 4584 121 45 2805 343 35 626 52 10 246 107 3140 2960 25 124 212 3266 295 2889 1137 5830 430 409 105 37 12 53 3064 1732 1301 1954 867
28 830 1865 402 309 81 38 645 1663 217 44 349 7431 209 97 408 1017 103 8871 975 83 264 7854 1000 43 232 960 15 146 1713 114 144 69 900 442
29 158 723 1461 268 780 127 196 358 793 517 131 255 296 2524 1351 541 309 608 8355 1700 752 37 434 231 1272 309 1506 18 1721 8806 70 1803 4632 1062 125 628 19 5667
30 659 992 9295 36 2522 148 1979 6450 1026 145 2 170 2156 5792 8875 134 196 2048 9471 444 117 151 2967 37 914 2785 29 2329 1754 241 773 14 1074 217 41 348 6097 595 9517 1263
31 3618 1506 47 1530 50 354 7070 1320 238 4 172 2426 5021 5359 918 132 4683 53 9162 216 1989 119 6440 4604 6705 117 88 126 597 678 7 26 694 1088 138 6656
32 31 1414 175 10 2882 7170 180 861 89 6382 1368 3458 272 505 2715 1150 104 4227 235 1614 3596 2184 9175 9073 2746 301 2938 22 148 176 554 3849 5921
33 582 66 39 151 1257 2624 446 118 990 4129 7437 289 523 2219 2862 82 203 57 34 25 315 58 158 809 5492 102 132 85 2033 337 1806 406 501 9896 3600 609 176 1954 2848 968
34 4104 5850 1378 264 550 1866 2986 101 4685 148 99 70 134 8076 4474 3768 1902 6604 437 2619 128 4133 90 909 936 32 88 224 329 175 2291 760 396 6571 73 4895 121 1587 9886 1263 1737 3097
35 344 4164 471 529 836 186 14 1150 763 96 19 49 128 310 212 5 969 114 953 519 229 1504 4613 2516 1363 3560 975 29 1782 52 1260 1653
36 0 379 336 158 1168 3317 41 1919 989 5001 805 3535 84 7748 9277 48 1886 11 431 60 2447 4984 64 2037 2959 417 3639 209 3604 2591
37 3140 322 412 6755 395 15 18 514 866 594 106 363 69 4659 57 6130 587 371 1446 1089 2469 137 5597 17 51 2430 4096 340 269 2146 7214 154 198 152 2983 332 968
38 37 9320 97 95 179 142 698 1841 55 212 5512 161 5165 68 2738 907 401 1123 147 99 14 6394 546 248 2095 125 41 1461 9906 2220 1065 3332 252
39 1854 322 94 68 701 209 189 1743 172 56 99 1927 2503 2383 219 256 2128 166 141 792 796 1150 169 322 74 2125 632 7593 3813 896 373 468 355 1671 5921
40 1787 4642 4314 13 182 1697 527 64 928 9561 3098 248 204 35 386 2005 1053 34 331 6 211 365 1027 435 2729 470 1489 205 178 1958 948
41 5038 12 71 1516 5737 156 50 722 6538 2344 26 1456 53 51 2079 554 162 70 1368 5797 340 378 716 290 7147 20 34 51 908 4241 1729 2076 135 123 1679 1881 5554
42 42 73 1108 432 46 5412 2400 8931 164 9338 800 422 26 1460 1552 205 3617 603 1516 546 588 383 315 284 1664 4537 1694 529 478 815 411 7347 1365 708
43 840 26 4 52 257 3708 3828 7243 181 332 2859 2094 327 123 2355 324 474 194 1055 6702 185 81 1484 65 7414 178 23 3387 7797 3181 1277 82 92 268 1077
44 1561 269 178 150 2625 7979 112 466 515 387 61 79 11 51 7278 207 43 806 5 133 1588 2312 1427 224 48 232 945 681 331 1334
45 229 4211 42 278 47 384 193 5999 239 509 462 107 44 183 131 8843 1601 59 4025 6661 1996 57 6514 5270 105 279 253 6001 1954 310 18 365 671 226 69 665 6082
46 9902 4704 1340 412 1704 788 1805 50 8160 733 58 1382 22 8929 1944 367 98 110 1057 31 665 2662 856 936 738 277 1197 257 6181 15 204 149 88 139 5209 8 1643 355
47 67 129 140 1119 266 12 194 115 245 775 8150 5990 2266 1235 130 193 7685 1072 109 1001 981 55 138 344 32 1134 250 236 37 344 6642 345 92 1048 96 253 2264
48 3684 9 5728 2863 366 25 218 28 3692 124 96 74 4821 79 1371 248 2825 8616 3528 1260 2920 1866 2988 1653 315 753 172 589 9794 6410 3166 686 176 3477
49 8973 272 419 297 1959 88 123 646 42 6137 9957 35 7718 235 3236 1752 7970 259 476 3249 884 24 3499 3059 2239 483 1074 1909 5221 566 6012 699 316 229 138 8450
50 560 3246 313 2433 464 1710 9556 4139 1237 228 8839 7763 210 44 103 1004 2087 739 654 6005 67 151 6828 3 87 20 1746 228 3443 970 1066 534 34 2147 1106
51 9234 33 8783 213 6 23 4705 597 788 4606 288 966 9 22 2410 63 200 508 1728 159 725 334 1989 2420 4847 53 383 6237 1224 3586 198 246 5 70 14 1417 3824 197 5031 977
52 2293 1886 339 1379 4226 212 27 275 789 100 6161 742 2720 170 2165 41 271 1666 30 2345 42 38 53 2603 371 5 117 79 7895 106 243 1 2601 136 883 58 2886 193 1153 138 708
53 6 510 230 7433 2282 3038 4 334 20 100 1434 62 45 216 161 25 369 4478 2135 978 724 2052 184 7981 8512 266 100 395 295 11 2739 348 187 243 2218 8629 23 72 524 404 138 968
54 108 263 761 124 431 131 6572 117 17 1426 5507 241 144 244 4181 99 65 443 735 17 1038 4738 1613 140 82 773 429 172 8725 2902 405 7142 199 243 69
55 460 1137 1373 117 163 53 1107 115 108 3425 8345 543 377 57 789 14 3551 2710 76 3553 1197 2456 173 2105 302 64 3244 443
56 391 108 2431 2282 1913 2051 179 8114 44 799 6348 3796 8702 1697 5566 1591 719 62 9742 864 2064 2451 514 1603 334 1635 58 4452 254 1075 20 680 632 859 4390 5276 121 3756 2264
57 6169 456 53 2883 111 2458 778 4152 4859 38 5724 619 2683 1696 1595 1706 136 83 69 9566 69 63 437 20 6 486 2062 287 66 4964 182 708 372 442 797 3975 968
58 1741 11 144 730 3973 280 88 6188 3131 3338 113 22 3 716 359 1044 1799 685 9414 876 1067 609 101 2193 684 156 22 475 1484 1360 294 120 2741
59 34 4184 41 1066 579 2692 305 477 48 80 139 226 124 6 8146 9 419 5173 5459 494 6676 27 702 81 24 726 117 343 327 7805 3908 53 28 5350 5333
60 9 1723 5442 753 18 5269 1361 257 280 401 4837 59 1775 1513 685 1756 124 264 1988 713 103 3484 1807 1912 37 813 4240 322 2859 390 912 758 32 114
61 508 115 24 3784 208 5 822 3017 84 75 5801 1300 7591 1837 81 904 4858 6043 2014 42 5882 460 48 7064 1983 4618 5688 2967 1604 252
62 356 10 332 5014 164 662 64 495 107 77 1841 2091 1610 7 43 770 202 214 1051 17 25 9 256 2951 919 4089 6044 62 1373 5672 118 20 498 454 1826 197 583 2196 7624 138 1310
63 45 2363 24 147 2178 33 280 1283 5410 188 1206 1183 7820 5127 2690 57 5190 19 56 2921 3 7 77 660 652 3100 135 1524 3337 0 34 3249 2158 1495 138 155 583
64 352 56 282 987 299 2145 79 310 565 3940 86 373 356 52 5055 89 49 1167 358 265 576 1283 238 208 2958 13 512 3032 7231 1236 7 1446 1061 5091 1968 119 671 9305 58 120 1671 1737
65 2706 22 3689 519 450 1903 14 318 605 511 2746 87 177 17 396 259 1181 80 1530 378 455 1506 1948 2098 1014 234 3056 259 503 1404 7687 153 356 9559
66 5973 4872 5915 1282 133 5 4180 7325 4673 300 103 4019 662 236 774 252 669 158 36 795 296 60 6934 3289 2 225 864 1272 1141 1922 1102 723 77 280 1340 309 5754 138
67 63 119 32 46 3711 2 2132 240 2769 6259 472 18 1863 95 309 779 601 1345 60 1843 1225 78 1623 286 9 519 6408 375 1956 19 3843 225 9134 3 2187 1429 2148 138 4977 1290
68 8733 244 433 81 4138 5350 21 207 161 2 1130 1593 651 2657 173 134 499 156 24 2517 76 2 168 1078 112 273 16 2942 424 222 19 190 447 984 3158 1888 554 554
69 231 689 209 47 1017 43 128 80 94 9 433 7281 3392 335 971 1107 7337 21 25 489 162 28 895 243 8 1266 35 679 963 3169 4734 6452 17 187 1482 6165
70 3624 54 1059 89 3609 4820 7208 1044 181 54 214 1486 422 1815 162 3559 51 5539 142 1889 2065 5969 4188 24 38 7357 2514 147 1442 5150 1482
71 2684 651 663 67 8088 41 1389 350 5020 84 4370 2665 15 4 391 37 3003 1099 143 2212 164 55 5275 443 180 448 42 9357 153 6438 5 197 142 360 17 4148 2591 404 968
72 251 2262 91 1428 2014 49 755 391 1353 4404 2195 2473 124 2815 341 248 7226 360 235 60 38 189 8 603 20 9868 4188 313 6094 4594 138
73 268 178 1039 308 1845 916 53 751 333 70 127 2424 1562 293 6504 4151 1516 3357 658 8322 302 220 2860 161 7922 348 369 994 256 161 236 468
74 2385 264 8365 4938 433 6992 791 4060 1532 4722 2587 63 234 163 435 625 517 71 3502 2568 1073 649 1545 891 90 30 64 1224 1210 1401 58 51 1518 621 1332 184 2955 1495 3097 4247
75 762 141 1593 1499 1883 427 1119 388 62 1279 358 109 52 982 8180 276 47 262 43 8 245 277 3561 54 8 1117 1953 34 1187 5819 354 756 55 325 3520 6767 2177 155 1604 583
76 43 3228 455 103 128 245 3279 48 47 35 556 100 108 98 129 305 458 46 204 73 6174 8989 94 1327 0 137 100 246 2697 6288 28
77 9355 1087 203 9710 5872 180 95 289 302 715 512 1228 53 1577 254 528 142 2398 1992 3591 402 251 118 237 83 31 5817 75 331 1393 426 57 197 5848
78 23 753 2190 3761 16 2327 5625 247 1361 3735 510 1950 190 635 248 30 29 15 5278 215 318 8015 602 14 195 676 1406 2088 292 7815 2818 859 1184 6049 1502
79 99 8004 1628 3710 4362 1021 63 2551 142 153 2447 153 169 682 3 498 21 1522 6790 1861 8579 1959 2692 1459 19 1748 224 977 138
80 41 609 2 99 2012 112 299 4680 46 51 9628 380 319 1232 7274 115 703 48 1159 42 74 2812 5479 390 18 363 15 145 3433 1012 10 542 382 3124 1540 224 197 138 869 1572 138
81 3430 3252 103 129 1361 119 200 5170 15 652 12 94 1079 41 4386 934 2496 6912 662 71 3712 152 9460 0 42 3488 277 8992 120 138 554
82 1759 9711 1606 1937 337 59 37 5472 641 502 94 839 271 1424 60 61 718 1671 355 1329 320 6037 1844 110 1872 186 5675 5144 231 155 138 1077 3097
83 89 1857 4046 279 349 150 25 6607 1483 593 66 6158 73 39 714 126 2195 18 1574 1141 1084 891 5361 67 99 301 343 5005 229 3244
84 40 386 9375 9 256 9890 39 111 8 86 47 1963 6307 163 43 328 147 1158 46 837 7341 1195 7400 3008 176 906 4 3171 613 9 5725 138 1173 9584
85 656 99 219 2652 88 5641 951 2973 122 9442 297 6234 31 412 38 73 216 217 59 430 1449 2628 965 2024 1322 7345 475 296 121 332 121 176 138
86 500 2051 33 2221 238 1757 218 16 351 1896 5294 3790 2987 1121 188 9041 1318 96 940 2233 79 19 419 1340 726 231 358 509 3119 281 538 15 2444 708
87 4040 3053 6614 8949 6779 4048 6052 2838 124 97 134 91 949 2498 429 6045 2842 687 2334 503 3941 2932 425 371 2594 2482 5 3593 1009 3160 82 501 138
88 47 1583 21 117 6025 3915 672 7777 1503 42 19 24 169 1591 5778 92 179 216 42 1532 2475 25 5731 539 510 322 1571 353 1017 92 3400 95 1462 17 280 8 184 4171 869 3110
89 3644 151 9061 455 39 8886 1806 2832 6510 9175 70 44 3354 3526 335 112 11 624 257 837 199 3137 0 140 156 1739 2019 669 178 6087 2527 4971 60 121
90 3223 1071 6160 4479 2209 1808 76 1828 655 141 425 409 3814 158 155 238 5063 307 227 6549 8461 1397 1110 1776 4329 452 1554 24 2380 7266 4259 75 3642 3977 900
91 71 25 3208 253 2424 338 100 47 44 177 1804 1927 3794 378 1119 161 193 426 2477 61 60 407 139 1016 27 327 473 19 49 2 3066 414 114 2650 4081 7 120 30 3244 869 1671
92 585 40 1054 68 4630 2360 25 121 475 141 8444 364 8948 715 590 1456 105 906 170 147 257 2696 6166 1073 2078 169 75 20 50 3676 120 1334 3097
93 66 1621 739 3282 428 1421 216 18 3194 86 2809 49 9040 2924 2295 470 589 412 162 191 19 245 842 87 1080 1515 2405 406 2552 4662 1052 107 138
94 807 218 1991 77 9652 956 2720 150 48 5477 294 2850 3053 8087 2639 680 4103 43 7635 2286 515 295 165 581 257 3121 69 983 7971 5878 138 2486
95 886 262 98 1049 170 6636 9 75 160 255 191 7866 4300 132 458 41 36 1216 694 455 460 2852 58 268 1114 2102 1526 6412 450 145 350 1661 102 316 4413 5985 3975
96 304 271 356 139 301 357 162 255 724 124 381 2477 4914 2702 2205 8692 467 12 6171 74 65 244 145 94 689 178 1465 330 962 844 308 271 290 90 671 329 1122 2003 155 2818 5482 7055 1310
97 670 14 99 519 1478 658 413 212 1258 61 1992 1002 960 278 358 1938 6 411 168 249 32 285 4301 44 3397 18 691 51 405 490 7 11 4947 96 927 6102 5381 1263
98 205 1487 106 42 40 179 410 23 157 1658 175 13 5748 6400 556 56 5645 6201 1636 1672 9782 7243 6546 41 757 170 73 649 1736 3097 3849
99 7 1966 8 2498 5299 270 389 301 498 1209 16 1017 1401 933 37 6689 168 7497 3881 8056 117 5197 303 143 4947 21 226 120 2478 5863 5681 5524 36 102 1137 406 9908 38 840 599 199 309 155 3110 138 867
